Mass: 63.5029318
Mol: 6
Max Velocity: 70
Max Torque: 2
Width: 0.8382
Length: 0.889
Wheelbase: 0.6223
Trackwidth: 0.57658
Wheel Radius: 0.0508